Xacc,Yacc,Zacc
0.086919,-1.038779,0.963174
0.086919,-1.038779,0.963174
0.086919,-1.038779,0.963174
0.086919,-1.038779,0.963174
0.079839,-1.028892,0.966348
0.079839,-1.028892,0.966348
0.079839,-1.028892,0.966348
0.079839,-1.028892,0.966348
0.079839,-1.028892,0.966348
0.079839,-1.028892,0.966348
0.079839,-1.028892,0.966348
0.079839,-1.028892,0.966348
0.079839,-1.028892,0.966348
0.079839,-1.028892,0.966348
0.079839,-1.028892,0.966348
0.079839,-1.028892,0.966348
0.079839,-1.028892,0.966348
0.079839,-1.028892,0.966348
0.079839,-1.028892,0.966348
0.079839,-1.028892,0.966348
0.079839,-1.028892,0.966348
0.074346,-1.044761,0.964761
0.074346,-1.044761,0.964761
0.074346,-1.044761,0.964761
0.074346,-1.044761,0.964761
0.074346,-1.044761,0.964761
0.074346,-1.044761,0.964761
0.074346,-1.044761,0.964761
0.074346,-1.044761,0.964761
0.074346,-1.044761,0.964761
0.074346,-1.044761,0.964761
0.074346,-1.044761,0.964761
0.074346,-1.044761,0.964761
0.074346,-1.044761,0.964761
0.074346,-1.044761,0.964761
0.074346,-1.044761,0.964761
0.074346,-1.044761,0.964761
0.074346,-1.044761,0.961465
0.075078,-1.054282,0.961465
0.075078,-1.054282,0.961465
0.075078,-1.054282,0.961465
0.075078,-1.054282,0.961465
0.075078,-1.054282,0.961465
0.075078,-1.054282,0.961465
0.075078,-1.054282,0.961465
0.075078,-1.054282,0.961465
0.075078,-1.054282,0.961465
0.075078,-1.054282,0.961465
0.075078,-1.054282,0.961465
0.075078,-1.054282,0.961465
0.075078,-1.054282,0.961465
0.075078,-1.054282,0.961465
0.075078,-1.054282,0.961465
0.075078,-1.023032,0.965005
0.072637,-1.033896,0.965005
0.072637,-1.033896,0.965005
0.072637,-1.033896,0.965005
0.072637,-1.033896,0.965005
0.072637,-1.033896,0.965005
0.072637,-1.033896,0.965005
0.072637,-1.033896,0.965005
0.072637,-1.033896,0.965005
0.072637,-1.033896,0.965005
0.072637,-1.033896,0.965005
0.072637,-1.033896,0.965005
0.072637,-1.033896,0.965005
0.072637,-1.033896,0.965005
0.072637,-1.033896,0.965005
0.072637,-1.033896,0.965005
0.072637,-1.046836,0.964395
0.077520,-1.046836,0.964395
0.077520,-1.046836,0.964395
0.077520,-1.046836,0.964395
0.077520,-1.046836,0.964395
0.077520,-1.046836,0.964395
0.077520,-1.046836,0.964395
0.077520,-1.046836,0.964395
0.077520,-1.046836,0.964395
0.077520,-1.046836,0.964395
0.077520,-1.046836,0.964395
0.077520,-1.046836,0.964395
0.077520,-1.046836,0.964395
0.077520,-1.046836,0.964395
0.077520,-1.046836,0.964395
0.077520,-1.046836,0.964395
0.077520,-1.046836,0.959634
0.076177,-1.042197,0.959634
0.076177,-1.042197,0.959634
0.076177,-1.042197,0.959634
0.076177,-1.042197,0.959634
0.076177,-1.042197,0.959634
0.076177,-1.042197,0.959634
0.076177,-1.042197,0.959634
0.076177,-1.042197,0.959634
0.076177,-1.042197,0.959634
0.076177,-1.042197,0.959634
0.076177,-1.042197,0.959634
0.076177,-1.042197,0.959634
0.076177,-1.042197,0.959634
0.076177,-1.042197,0.959634
0.076177,-1.042197,0.959634
0.076177,-1.042197,0.959634
0.076177,-1.047812,0.958657
0.073247,-1.047812,0.958657
0.073247,-1.047812,0.958657
0.073247,-1.047812,0.958657
0.073247,-1.047812,0.958657
0.073247,-1.047812,0.958657
0.073247,-1.047812,0.958657
0.073247,-1.047812,0.958657
0.073247,-1.047812,0.958657
0.073247,-1.047812,0.958657
0.073247,-1.047812,0.958657
0.073247,-1.047812,0.958657
0.073247,-1.047812,0.958657
0.073247,-1.047812,0.958657
0.073247,-1.047812,0.958657
0.073247,-1.047812,0.958657
0.073247,-1.047812,0.958901
0.074102,-1.044028,0.958901
0.074102,-1.044028,0.958901
0.074102,-1.044028,0.958901
0.074102,-1.044028,0.958901
0.074102,-1.044028,0.958901
0.074102,-1.044028,0.958901
0.074102,-1.044028,0.958901
0.074102,-1.044028,0.958901
0.074102,-1.044028,0.958901
0.074102,-1.044028,0.958901
0.074102,-1.044028,0.958901
0.074102,-1.044028,0.958901
0.074102,-1.044028,0.958901
0.074102,-1.044028,0.958901
0.074102,-1.044028,0.958901
0.074102,-1.044028,0.959756
0.079717,-1.038901,0.959756
0.079717,-1.038901,0.959756
0.079717,-1.038901,0.959756
0.079717,-1.038901,0.959756
0.079717,-1.038901,0.959756
0.079717,-1.038901,0.959756
0.079717,-1.038901,0.959756
0.079717,-1.038901,0.959756
0.079717,-1.038901,0.959756
0.079717,-1.038901,0.959756
0.079717,-1.038901,0.959756
0.079717,-1.038901,0.959756
0.079717,-1.038901,0.959756
0.079717,-1.038901,0.959756
0.079717,-1.038901,0.959756
0.079717,-1.038901,0.960854
0.077153,-1.036460,0.960854
0.077153,-1.036460,0.960854
0.077153,-1.036460,0.960854
0.077153,-1.036460,0.960854
0.077153,-1.036460,0.960854
0.077153,-1.036460,0.960854
0.077153,-1.036460,0.960854
0.077153,-1.036460,0.960854
0.077153,-1.036460,0.960854
0.077153,-1.036460,0.960854
0.077153,-1.036460,0.960854
0.077153,-1.036460,0.960854
0.077153,-1.036460,0.960854
0.077153,-1.036460,0.960854
0.077153,-1.036460,0.960854
0.077153,-1.036460,0.965493
0.073735,-1.046958,0.965493
0.073735,-1.046958,0.965493
0.073735,-1.046958,0.965493
0.073735,-1.046958,0.965493
0.073735,-1.046958,0.965493
0.073735,-1.046958,0.965493
0.073735,-1.046958,0.965493
0.073735,-1.046958,0.965493
0.073735,-1.046958,0.965493
0.073735,-1.046958,0.965493
0.073735,-1.046958,0.965493
0.073735,-1.046958,0.965493
0.073735,-1.046958,0.965493
0.073735,-1.046958,0.965493
0.073735,-1.046958,0.965493
0.073735,-1.046958,0.965493
0.073735,-1.043662,0.968179
0.068853,-1.043662,0.968179
0.068853,-1.043662,0.968179
0.068853,-1.043662,0.968179
0.068853,-1.043662,0.968179
0.068853,-1.043662,0.968179
0.068853,-1.043662,0.968179
0.068853,-1.043662,0.968179
0.068853,-1.043662,0.968179
0.068853,-1.043662,0.968179
0.068853,-1.043662,0.968179
0.068853,-1.043662,0.968179
0.068853,-1.043662,0.968179
0.068853,-1.043662,0.968179
0.068853,-1.043662,0.968179
0.068853,-1.043662,0.968179
0.068853,-1.043662,0.967568
0.069951,-1.045981,0.967568
0.069951,-1.045981,0.967568
0.069951,-1.045981,0.967568
0.069951,-1.045981,0.967568
0.069951,-1.045981,0.967568
0.069951,-1.045981,0.967568
0.069951,-1.045981,0.967568
0.069951,-1.045981,0.967568
0.069951,-1.045981,0.967568
0.069951,-1.045981,0.967568
0.069951,-1.045981,0.967568
0.069951,-1.045981,0.967568
0.069951,-1.045981,0.967568
0.069951,-1.045981,0.967568
0.069951,-1.045981,0.967568
0.069951,-1.046226,0.963540
0.072026,-1.046226,0.963540
0.072026,-1.046226,0.963540
0.072026,-1.046226,0.963540
0.072026,-1.046226,0.963540
0.072026,-1.046226,0.963540
0.072026,-1.046226,0.963540
0.072026,-1.046226,0.963540
0.072026,-1.046226,0.963540
0.072026,-1.046226,0.963540
0.072026,-1.046226,0.963540
0.072026,-1.046226,0.963540
0.072026,-1.046226,0.963540
0.072026,-1.046226,0.963540
0.072026,-1.046226,0.963540
0.072026,-1.046226,0.963540
0.072026,-1.046226,0.965859
0.070439,-1.040366,0.965859
0.070439,-1.040366,0.965859
0.070439,-1.040366,0.965859
0.070439,-1.040366,0.965859
0.070439,-1.040366,0.965859
0.070439,-1.040366,0.965859
0.070439,-1.040366,0.965859
0.070439,-1.040366,0.965859
0.070439,-1.040366,0.965859
0.070439,-1.040366,0.965859
0.070439,-1.040366,0.965859
0.070439,-1.040366,0.965859
0.070439,-1.040366,0.965859
0.070439,-1.040366,0.965859
0.070439,-1.040366,0.965859
0.070439,-1.040366,0.965859
0.070439,-1.044150,0.962563
0.070317,-1.044150,0.962563
0.070317,-1.044150,0.962563
0.070317,-1.044150,0.962563
0.070317,-1.044150,0.962563
0.070317,-1.044150,0.962563
0.070317,-1.044150,0.962563
0.070317,-1.044150,0.962563
0.070317,-1.044150,0.962563
0.070317,-1.044150,0.962563
0.070317,-1.044150,0.962563
0.070317,-1.044150,0.962563
0.070317,-1.044150,0.962563
0.070317,-1.044150,0.962563
0.070317,-1.044150,0.962563
0.070317,-1.044150,0.962563
0.070317,-1.044150,0.960854
0.074956,-1.041709,0.960854
0.074956,-1.041709,0.960854
0.074956,-1.041709,0.960854
0.074956,-1.041709,0.960854
0.074956,-1.041709,0.960854
0.074956,-1.041709,0.960854
0.074956,-1.041709,0.960854
0.074956,-1.041709,0.960854
0.074956,-1.041709,0.960854
0.074956,-1.041709,0.960854
0.074956,-1.041709,0.960854
0.074956,-1.041709,0.960854
0.074956,-1.041709,0.960854
0.074956,-1.041709,0.960854
0.074956,-1.041709,0.960854
0.074956,-1.041709,0.960854
0.073125,-1.044639,0.960977
0.073125,-1.044639,0.960977
0.073125,-1.044639,0.960977
0.073125,-1.044639,0.960977
0.073125,-1.044639,0.960977
0.073125,-1.044639,0.960977
0.073125,-1.044639,0.960977
0.073125,-1.044639,0.960977
0.073125,-1.044639,0.960977
0.073125,-1.044639,0.960977
0.073125,-1.044639,0.960977
0.073125,-1.044639,0.960977
0.073125,-1.044639,0.960977
0.073125,-1.044639,0.960977
0.073125,-1.044639,0.960977
0.073125,-1.044639,0.961831
0.070195,-1.044150,0.961831
0.070195,-1.044150,0.961831
0.070195,-1.044150,0.961831
0.070195,-1.044150,0.961831
0.070195,-1.044150,0.961831
0.070195,-1.044150,0.961831
0.070195,-1.044150,0.961831
0.070195,-1.044150,0.961831
0.070195,-1.044150,0.961831
0.070195,-1.044150,0.961831
0.070195,-1.044150,0.961831
0.070195,-1.044150,0.961831
0.070195,-1.044150,0.961831
0.070195,-1.044150,0.961831
0.070195,-1.044150,0.961831
0.070195,-1.044150,0.964395
0.070317,-1.042930,0.964395
0.070317,-1.042930,0.964395
0.070317,-1.042930,0.964395
0.070317,-1.042930,0.964395
0.070317,-1.042930,0.964395
0.070317,-1.042930,0.964395
0.070317,-1.042930,0.964395
0.070317,-1.042930,0.964395
0.070317,-1.042930,0.964395
0.070317,-1.042930,0.964395
0.070317,-1.042930,0.964395
0.070317,-1.042930,0.964395
0.070317,-1.042930,0.964395
0.070317,-1.042930,0.964395
0.070317,-1.042930,0.964395
0.070317,-1.042930,0.964395
0.070317,-1.043906,0.966836
0.069585,-1.043906,0.966836
0.069585,-1.043906,0.966836
0.069585,-1.043906,0.966836
0.069585,-1.043906,0.966836
0.069585,-1.043906,0.966836
0.069585,-1.043906,0.966836
0.069585,-1.043906,0.966836
0.069585,-1.043906,0.966836
0.069585,-1.043906,0.966836
0.069585,-1.043906,0.966836
0.069585,-1.043906,0.966836
0.069585,-1.043906,0.966836
0.069585,-1.043906,0.966836
0.069585,-1.043906,0.966836
0.069585,-1.043906,0.966836
0.069585,-1.043906,0.966226
0.068120,-1.044150,0.966226
0.068120,-1.044150,0.966226
0.068120,-1.044150,0.966226
0.068120,-1.044150,0.966226
0.068120,-1.044150,0.966226
0.068120,-1.044150,0.966226
0.068120,-1.044150,0.966226
0.068120,-1.044150,0.966226
0.068120,-1.044150,0.966226
0.068120,-1.044150,0.966226
0.068120,-1.044150,0.966226
0.068120,-1.044150,0.966226
0.068120,-1.044150,0.966226
0.068120,-1.044150,0.966226
0.068120,-1.044150,0.966226
0.068120,-1.044150,0.966226
0.068608,-1.044272,0.966103
0.068608,-1.044272,0.966103
0.068608,-1.044272,0.966103
0.068608,-1.044272,0.966103
0.068608,-1.044272,0.966103
0.068608,-1.044272,0.966103
0.068608,-1.044272,0.966103
0.068608,-1.044272,0.966103
0.068608,-1.044272,0.966103
0.068608,-1.044272,0.966103
0.068608,-1.044272,0.966103
0.068608,-1.044272,0.966103
0.068608,-1.044272,0.966103
0.068608,-1.044272,0.966103
0.068608,-1.044272,0.966103
0.068608,-1.044272,0.966103
0.070317,-1.043418,0.965737
0.070317,-1.043418,0.965737
0.070317,-1.043418,0.965737
0.070317,-1.043418,0.965737
0.070317,-1.043418,0.965737
0.070317,-1.043418,0.965737
0.070317,-1.043418,0.965737
0.070317,-1.043418,0.965737
0.070317,-1.043418,0.965737
0.070317,-1.043418,0.965737
0.070317,-1.043418,0.965737
0.070317,-1.043418,0.965737
0.070317,-1.043418,0.965737
0.070317,-1.043418,0.965737
0.070317,-1.043418,0.965737
0.070317,-1.043418,0.963418
0.071660,-1.043540,0.963418
0.071660,-1.043540,0.963418
0.071660,-1.043540,0.963418
0.071660,-1.043540,0.963418
0.071660,-1.043540,0.963418
0.071660,-1.043540,0.963418
0.071660,-1.043540,0.963418
0.071660,-1.043540,0.963418
0.071660,-1.043540,0.963418
0.071660,-1.043540,0.963418
0.071660,-1.043540,0.963418
0.071660,-1.043540,0.963418
0.071660,-1.043540,0.963418
0.071660,-1.043540,0.963418
0.071660,-1.043540,0.963418
0.071660,-1.043540,0.963418
0.071660,-1.044517,0.964028
0.069829,-1.044517,0.964028
0.069829,-1.044517,0.964028
0.069829,-1.044517,0.964028
0.069829,-1.044517,0.964028
0.069829,-1.044517,0.964028
0.069829,-1.044517,0.964028
0.069829,-1.044517,0.964028
0.069829,-1.044517,0.964028
0.069829,-1.044517,0.964028
0.069829,-1.044517,0.964028
0.069829,-1.044517,0.964028
0.069829,-1.044517,0.964028
0.069829,-1.044517,0.964028
0.069829,-1.044517,0.964028
0.069829,-1.044517,0.964028
0.069829,-1.044517,0.965981
0.069097,-1.041465,0.965981
0.069097,-1.041465,0.965981
0.069097,-1.041465,0.965981
0.069097,-1.041465,0.965981
0.069097,-1.041465,0.965981
0.069097,-1.041465,0.965981
0.069097,-1.041465,0.965981
0.069097,-1.041465,0.965981
0.069097,-1.041465,0.965981
0.069097,-1.041465,0.965981
0.069097,-1.041465,0.965981
0.069097,-1.041465,0.965981
0.069097,-1.041465,0.965981
0.069097,-1.041465,0.965981
0.069097,-1.041465,0.965981
0.069097,-1.041465,0.965981
0.069097,-1.044150,0.964150
0.068975,-1.044150,0.964150
0.068975,-1.044150,0.964150
0.068975,-1.044150,0.964150
0.068975,-1.044150,0.964150
0.068975,-1.044150,0.964150
0.068975,-1.044150,0.964150
0.068975,-1.044150,0.964150
0.068975,-1.044150,0.964150
0.068975,-1.044150,0.964150
0.068975,-1.044150,0.964150
0.068975,-1.044150,0.964150
0.068975,-1.044150,0.964150
0.068975,-1.044150,0.964150
0.068975,-1.044150,0.964150
0.068975,-1.044150,0.964150
0.069463,-1.044150,0.963540
0.069463,-1.044150,0.963540
0.069463,-1.044150,0.963540
0.069463,-1.044150,0.963540
0.069463,-1.044150,0.963540
0.069463,-1.044150,0.963540
0.069463,-1.044150,0.963540
0.069463,-1.044150,0.963540
0.069463,-1.044150,0.963540
0.069463,-1.044150,0.963540
0.069463,-1.044150,0.963540
0.069463,-1.044150,0.963540
0.069463,-1.044150,0.963540
0.069463,-1.044150,0.963540
0.069463,-1.044150,0.963540
0.069463,-1.044150,0.963906
0.069219,-1.042686,0.963906
0.069219,-1.042686,0.963906
0.069219,-1.042686,0.963906
0.069219,-1.042686,0.963906
0.069219,-1.042686,0.963906
0.069219,-1.042686,0.963906
0.069219,-1.042686,0.963906
0.069219,-1.042686,0.963906
0.069219,-1.042686,0.963906
0.069219,-1.042686,0.963906
0.069219,-1.042686,0.963906
0.069219,-1.042686,0.963906
0.069219,-1.042686,0.963906
0.069219,-1.042686,0.963906
0.069219,-1.042686,0.963906
0.069219,-1.042686,0.963906
0.069219,-1.043662,0.963784
0.070439,-1.043662,0.963784
0.070439,-1.043662,0.963784
0.070439,-1.043662,0.963784
0.070439,-1.043662,0.963784
0.070439,-1.043662,0.963784
0.070439,-1.043662,0.963784
0.070439,-1.043662,0.963784
0.070439,-1.043662,0.963784
0.070439,-1.043662,0.963784
0.070439,-1.043662,0.963784
0.070439,-1.043662,0.963784
0.070439,-1.043662,0.963784
0.070439,-1.043662,0.963784
0.070439,-1.043662,0.963784
0.070439,-1.043662,0.963784
0.070439,-1.043662,0.963784
0.068608,-1.043296,0.966592
0.068608,-1.043296,0.966592
0.068608,-1.043296,0.966592
0.068608,-1.043296,0.966592
0.068608,-1.043296,0.966592
0.068608,-1.043296,0.966592
0.068608,-1.043296,0.966592
0.068608,-1.043296,0.966592
0.068608,-1.043296,0.966592
0.068608,-1.043296,0.966592
0.068608,-1.043296,0.966592
0.068608,-1.043296,0.966592
0.068608,-1.043296,0.966592
0.068608,-1.043296,0.966592
0.068608,-1.043296,0.966592
0.068608,-1.043296,0.966592
0.068608,-1.044394,0.966714
0.066533,-1.044394,0.966714
0.066533,-1.044394,0.966714
0.066533,-1.044394,0.966714
0.066533,-1.044394,0.966714
0.066533,-1.044394,0.966714
0.066533,-1.044394,0.966714
0.066533,-1.044394,0.966714
0.066533,-1.044394,0.966714
0.066533,-1.044394,0.966714
0.066533,-1.044394,0.966714
0.066533,-1.044394,0.966714
0.066533,-1.044394,0.966714
0.066533,-1.044394,0.966714
0.066533,-1.044394,0.966714
0.066533,-1.044394,0.966714
0.066533,-1.044394,0.963906
0.067754,-1.044394,0.963906
0.067754,-1.044394,0.963906
0.067754,-1.044394,0.963906
0.067754,-1.044394,0.963906
0.067754,-1.044394,0.963906
0.067754,-1.044394,0.963906
0.067754,-1.044394,0.963906
0.067754,-1.044394,0.963906
0.067754,-1.044394,0.963906
0.067754,-1.044394,0.963906
0.067754,-1.044394,0.963906
0.067754,-1.044394,0.963906
0.067754,-1.044394,0.963906
0.067754,-1.044394,0.963906
0.067754,-1.044394,0.963906
0.068730,-1.040977,0.964761
0.068730,-1.040977,0.964761
0.068730,-1.040977,0.964761
0.068730,-1.040977,0.964761
0.068730,-1.040977,0.964761
0.068730,-1.040977,0.964761
0.068730,-1.040977,0.964761
0.068730,-1.040977,0.964761
0.068730,-1.040977,0.964761
0.068730,-1.040977,0.964761
0.068730,-1.040977,0.964761
0.068730,-1.040977,0.964761
0.068730,-1.040977,0.964761
0.068730,-1.040977,0.964761
0.068730,-1.040977,0.964761
0.068730,-1.040977,0.964761
0.068364,-1.041221,0.965127
0.068364,-1.041221,0.965127
0.068364,-1.041221,0.965127
0.068364,-1.041221,0.965127
0.068364,-1.041221,0.965127
0.068364,-1.041221,0.965127
0.068364,-1.041221,0.965127
0.068364,-1.041221,0.965127
0.068364,-1.041221,0.965127
0.068364,-1.041221,0.965127
0.068364,-1.041221,0.965127
0.068364,-1.041221,0.965127
0.068364,-1.041221,0.965127
0.068364,-1.041221,0.965127
0.068364,-1.041221,0.965127
0.068364,-1.041221,0.965127
0.068364,-1.045005,0.964517
0.069829,-1.045005,0.964517
0.069829,-1.045005,0.964517
0.069829,-1.045005,0.964517
0.069829,-1.045005,0.964517
0.069829,-1.045005,0.964517
0.069829,-1.045005,0.964517
0.069829,-1.045005,0.964517
0.069829,-1.045005,0.964517
0.069829,-1.045005,0.964517
0.069829,-1.045005,0.964517
0.069829,-1.045005,0.964517
0.069829,-1.045005,0.964517
0.069829,-1.045005,0.964517
0.069829,-1.045005,0.964517
0.069829,-1.045005,0.964517
0.069829,-1.045005,0.964517
0.067632,-1.044272,0.966470
0.067632,-1.044272,0.966470
0.067632,-1.044272,0.966470
0.067632,-1.044272,0.966470
0.067632,-1.044272,0.966470
0.067632,-1.044272,0.966470
0.067632,-1.044272,0.966470
0.067632,-1.044272,0.966470
0.067632,-1.044272,0.966470
0.067632,-1.044272,0.966470
0.067632,-1.044272,0.966470
0.067632,-1.044272,0.966470
0.067632,-1.044272,0.966470
0.067632,-1.044272,0.966470
0.067632,-1.044272,0.966470
0.067632,-1.042075,0.964761
0.067754,-1.042075,0.964761
0.067754,-1.042075,0.964761
0.067754,-1.042075,0.964761
0.067754,-1.042075,0.964761
0.067754,-1.042075,0.964761
0.067754,-1.042075,0.964761
0.067754,-1.042075,0.964761
0.067754,-1.042075,0.964761
0.067754,-1.042075,0.964761
0.067754,-1.042075,0.964761
0.067754,-1.042075,0.964761
0.067754,-1.042075,0.964761
0.067754,-1.042075,0.964761
0.067754,-1.042075,0.964761
0.067754,-1.042075,0.964761
0.067754,-1.045127,0.964395
0.068853,-1.045127,0.964395
0.068853,-1.045127,0.964395
0.068853,-1.045127,0.964395
0.068853,-1.045127,0.964395
0.068853,-1.045127,0.964395
0.068853,-1.045127,0.964395
0.068853,-1.045127,0.964395
0.068853,-1.045127,0.964395
0.068853,-1.045127,0.964395
0.068853,-1.045127,0.964395
0.068853,-1.045127,0.964395
0.068853,-1.045127,0.964395
0.068853,-1.045127,0.964395
0.068853,-1.045127,0.964395
0.068853,-1.045127,0.964395
0.068853,-1.045127,0.964395
0.068853,-1.041221,0.963296
0.067510,-1.041221,0.963296
0.067510,-1.041221,0.963296
0.067510,-1.041221,0.963296
0.067510,-1.041221,0.963296
0.067510,-1.041221,0.963296
0.067510,-1.041221,0.963296
0.067510,-1.041221,0.963296
0.067510,-1.041221,0.963296
0.067510,-1.041221,0.963296
0.067510,-1.041221,0.963296
0.067510,-1.041221,0.963296
0.067510,-1.041221,0.963296
0.067510,-1.041221,0.963296
0.067510,-1.041221,0.963296
0.067510,-1.041221,0.963296
0.067510,-1.041221,0.963784
0.070073,-1.042930,0.963784
0.070073,-1.042930,0.963784
0.070073,-1.042930,0.963784
0.070073,-1.042930,0.963784
0.070073,-1.042930,0.963784
0.070073,-1.042930,0.963784
0.070073,-1.042930,0.963784
0.070073,-1.042930,0.963784
0.070073,-1.042930,0.963784
0.070073,-1.042930,0.963784
0.070073,-1.042930,0.963784
0.070073,-1.042930,0.963784
0.070073,-1.042930,0.963784
0.070073,-1.042930,0.963784
0.070073,-1.042930,0.963784
0.070073,-1.042930,0.963784
0.068608,-1.043662,0.963296
0.068608,-1.043662,0.963296
0.068608,-1.043662,0.963296
0.068608,-1.043662,0.963296
0.068608,-1.043662,0.963296
0.068608,-1.043662,0.963296
0.068608,-1.043662,0.963296
0.068608,-1.043662,0.963296
0.068608,-1.043662,0.963296
0.068608,-1.043662,0.963296
0.068608,-1.043662,0.963296
0.068608,-1.043662,0.963296
0.068608,-1.043662,0.963296
0.068608,-1.043662,0.963296
0.068608,-1.043662,0.963296
0.068608,-1.043662,0.966592
0.067266,-1.042563,0.966592
0.067266,-1.042563,0.966592
0.067266,-1.042563,0.966592
0.067266,-1.042563,0.966592
0.067266,-1.042563,0.966592
0.067266,-1.042563,0.966592
0.067266,-1.042563,0.966592
0.067266,-1.042563,0.966592
0.067266,-1.042563,0.966592
0.067266,-1.042563,0.966592
0.067266,-1.042563,0.966592
0.067266,-1.042563,0.966592
0.067266,-1.042563,0.966592
0.067266,-1.042563,0.966592
0.067266,-1.042563,0.965371
0.066167,-1.045127,0.965371
0.066167,-1.045127,0.965371
0.066167,-1.045127,0.965371
0.066167,-1.045127,0.965371
0.066167,-1.045127,0.965371
0.066167,-1.045127,0.965371
0.066167,-1.045127,0.965371
0.066167,-1.045127,0.965371
0.066167,-1.045127,0.965371
0.066167,-1.045127,0.965371
0.066167,-1.045127,0.965371
0.066167,-1.045127,0.965371
0.066167,-1.045127,0.965371
0.066167,-1.045127,0.965371
0.066167,-1.045127,0.965371
0.066167,-1.045127,0.965371
0.066167,-1.044639,0.963784
0.068486,-1.044639,0.963784
0.068486,-1.044639,0.963784
0.068486,-1.044639,0.963784
0.068486,-1.044639,0.963784
0.068486,-1.044639,0.963784
0.068486,-1.044639,0.963784
0.068486,-1.044639,0.963784
0.068486,-1.044639,0.963784
0.068486,-1.044639,0.963784
0.068486,-1.044639,0.963784
0.068486,-1.044639,0.963784
0.068486,-1.044639,0.963784
0.068486,-1.044639,0.963784
0.068486,-1.044639,0.963784
0.068486,-1.044639,0.963784
0.068486,-1.044639,0.963784
0.068486,-1.045005,0.965249
0.064946,-1.045005,0.965249
0.064946,-1.045005,0.965249
0.064946,-1.045005,0.965249
0.064946,-1.045005,0.965249
0.064946,-1.045005,0.965249
0.064946,-1.045005,0.965249
0.064946,-1.045005,0.965249
0.064946,-1.045005,0.965249
0.064946,-1.045005,0.965249
0.064946,-1.045005,0.965249
0.064946,-1.045005,0.965249
0.064946,-1.045005,0.965249
0.064946,-1.045005,0.965249
0.064946,-1.045005,0.965249
0.064946,-1.045005,0.965249
0.064946,-1.045005,0.964517
0.065923,-1.042075,0.964517
0.065923,-1.042075,0.964517
0.065923,-1.042075,0.964517
0.065923,-1.042075,0.964517
0.065923,-1.042075,0.964517
0.065923,-1.042075,0.964517
0.065923,-1.042075,0.964517
0.065923,-1.042075,0.964517
0.065923,-1.042075,0.964517
0.065923,-1.042075,0.964517
0.065923,-1.042075,0.964517
0.065923,-1.042075,0.964517
0.065923,-1.042075,0.964517
0.065923,-1.042075,0.964517
0.065923,-1.042075,0.964517
0.065923,-1.042075,0.964517
0.065801,-1.044150,0.964395
0.065801,-1.044150,0.964395
0.065801,-1.044150,0.964395
0.065801,-1.044150,0.964395
0.065801,-1.044150,0.964395
0.065801,-1.044150,0.964395
0.065801,-1.044150,0.964395
0.065801,-1.044150,0.964395
0.065801,-1.044150,0.964395
0.065801,-1.044150,0.964395
0.065801,-1.044150,0.964395
0.065801,-1.044150,0.964395
0.065801,-1.044150,0.964395
0.065801,-1.044150,0.964395
0.065801,-1.044150,0.964395
0.065801,-1.044150,0.964395
0.065801,-1.045249,0.966226
0.068364,-1.045249,0.966226
0.068364,-1.045249,0.966226
0.068364,-1.045249,0.966226
0.068364,-1.045249,0.966226
0.068364,-1.045249,0.966226
0.068364,-1.045249,0.966226
0.068364,-1.045249,0.966226
0.068364,-1.045249,0.966226
0.068364,-1.045249,0.966226
0.068364,-1.045249,0.966226
0.068364,-1.045249,0.966226
0.068364,-1.045249,0.966226
0.068364,-1.045249,0.966226
0.068364,-1.045249,0.966226
0.068364,-1.045249,0.966226
0.068364,-1.045249,0.964272
0.069829,-1.043784,0.964272
0.069829,-1.043784,0.964272
0.069829,-1.043784,0.964272
0.069829,-1.043784,0.964272
0.069829,-1.043784,0.964272
0.069829,-1.043784,0.964272
0.069829,-1.043784,0.964272
0.069829,-1.043784,0.964272
0.069829,-1.043784,0.964272
0.069829,-1.043784,0.964272
0.069829,-1.043784,0.964272
0.069829,-1.043784,0.964272
0.069829,-1.043784,0.964272
0.069829,-1.043784,0.964272
0.069829,-1.043784,0.964272
0.069829,-1.043784,0.964272
0.068608,-1.044639,0.964272
0.068608,-1.044639,0.964272
0.068608,-1.044639,0.964272
0.068608,-1.044639,0.964272
0.068608,-1.044639,0.964272
0.068608,-1.044639,0.964272
0.068608,-1.044639,0.964272
0.068608,-1.044639,0.964272
0.068608,-1.044639,0.964272
0.068608,-1.044639,0.964272
0.068608,-1.044639,0.964272
0.068608,-1.044639,0.964272
0.068608,-1.044639,0.964272
0.068608,-1.044639,0.964272
0.068608,-1.044639,0.964272
0.068608,-1.044639,0.964272
0.068608,-1.042808,0.963052
0.068486,-1.042808,0.963052
0.068486,-1.042808,0.963052
0.068486,-1.042808,0.963052
0.068486,-1.042808,0.963052
0.068486,-1.042808,0.963052
0.068486,-1.042808,0.963052
0.068486,-1.042808,0.963052
0.068486,-1.042808,0.963052
0.068486,-1.042808,0.963052
0.068486,-1.042808,0.963052
0.068486,-1.042808,0.963052
0.068486,-1.042808,0.963052
0.068486,-1.042808,0.963052
0.068486,-1.042808,0.963052
0.068486,-1.042808,0.963052
0.068486,-1.042808,0.963052
0.067876,-1.043784,0.964883
0.067876,-1.043784,0.964883
0.067876,-1.043784,0.964883
0.067876,-1.043784,0.964883
0.067876,-1.043784,0.964883
0.067876,-1.043784,0.964883
0.067876,-1.043784,0.964883
0.067876,-1.043784,0.964883
0.067876,-1.043784,0.964883
0.067876,-1.043784,0.964883
0.067876,-1.043784,0.964883
0.067876,-1.043784,0.964883
0.067876,-1.043784,0.964883
0.067876,-1.043784,0.964883
0.067876,-1.043784,0.964883
0.067876,-1.044761,0.965005
0.068975,-1.044761,0.965005
0.068975,-1.044761,0.965005
0.068975,-1.044761,0.965005
0.068975,-1.044761,0.965005
0.068975,-1.044761,0.965005
0.068975,-1.044761,0.965005
0.068975,-1.044761,0.965005
0.068975,-1.044761,0.965005
0.068975,-1.044761,0.965005
0.068975,-1.044761,0.965005
0.068975,-1.044761,0.965005
0.068975,-1.044761,0.965005
0.068975,-1.044761,0.965005
0.068975,-1.044761,0.965005
0.068975,-1.044761,0.965005
0.068975,-1.044761,0.964883
0.066411,-1.043662,0.964883
0.066411,-1.043662,0.964883
0.066411,-1.043662,0.964883
0.066411,-1.043662,0.964883
0.066411,-1.043662,0.964883
0.066411,-1.043662,0.964883
0.066411,-1.043662,0.964883
0.066411,-1.043662,0.964883
0.066411,-1.043662,0.964883
0.066411,-1.043662,0.964883
0.066411,-1.043662,0.964883
0.066411,-1.043662,0.964883
0.066411,-1.043662,0.964883
0.066411,-1.043662,0.964883
0.066411,-1.043662,0.964883
0.066411,-1.043662,0.964883
0.066411,-1.044028,0.964028
0.066533,-1.044028,0.964028
0.066533,-1.044028,0.964028
0.066533,-1.044028,0.964028
0.066533,-1.044028,0.964028
0.066533,-1.044028,0.964028
0.066533,-1.044028,0.964028
0.066533,-1.044028,0.964028
0.066533,-1.044028,0.964028
0.066533,-1.044028,0.964028
0.066533,-1.044028,0.964028
0.066533,-1.044028,0.964028
0.066533,-1.044028,0.964028
0.066533,-1.044028,0.964028
0.066533,-1.044028,0.964028
0.066533,-1.044028,0.964028
0.066533,-1.044028,0.963296
0.067266,-1.044883,0.963296
0.067266,-1.044883,0.963296
0.067266,-1.044883,0.963296
0.067266,-1.044883,0.963296
0.067266,-1.044883,0.963296
0.067266,-1.044883,0.963296
0.067266,-1.044883,0.963296
0.067266,-1.044883,0.963296
0.067266,-1.044883,0.963296
0.067266,-1.044883,0.963296
0.067266,-1.044883,0.963296
0.067266,-1.044883,0.963296
0.067266,-1.044883,0.963296
0.067266,-1.044883,0.963296
0.067266,-1.044883,0.963296
0.067266,-1.044883,0.963296
0.067266,-1.042441,0.963906
0.065923,-1.042441,0.963906
0.065923,-1.042441,0.963906
0.065923,-1.042441,0.963906
0.065923,-1.042441,0.963906
0.065923,-1.042441,0.963906
0.065923,-1.042441,0.963906
0.065923,-1.042441,0.963906
0.065923,-1.042441,0.963906
0.065923,-1.042441,0.963906
0.065923,-1.042441,0.963906
0.065923,-1.042441,0.963906
0.065923,-1.042441,0.963906
0.065923,-1.042441,0.963906
0.065923,-1.042441,0.963906
0.065923,-1.042441,0.963906
0.064336,-1.045005,0.964517
0.064336,-1.045005,0.964517
0.064336,-1.045005,0.964517
0.064336,-1.045005,0.964517
0.064336,-1.045005,0.964517
0.064336,-1.045005,0.964517
0.064336,-1.045005,0.964517
0.064336,-1.045005,0.964517
0.064336,-1.045005,0.964517
0.064336,-1.045005,0.964517
0.064336,-1.045005,0.964517
0.064336,-1.045005,0.964517
0.064336,-1.045005,0.964517
0.064336,-1.045005,0.964517
0.064336,-1.045005,0.964517
0.064336,-1.045005,0.964517
0.064336,-1.043296,0.967690
0.066045,-1.043296,0.967690
0.066045,-1.043296,0.967690
0.066045,-1.043296,0.967690
0.066045,-1.043296,0.967690
0.066045,-1.043296,0.967690
0.066045,-1.043296,0.967690
0.066045,-1.043296,0.967690
0.066045,-1.043296,0.967690
0.066045,-1.043296,0.967690
0.066045,-1.043296,0.967690
0.066045,-1.043296,0.967690
0.066045,-1.043296,0.967690
0.066045,-1.043296,0.967690
0.066045,-1.043296,0.967690
0.066045,-1.043296,0.967690
0.066045,-1.043296,0.965371
0.066777,-1.043296,0.965371
0.066777,-1.043296,0.965371
0.066777,-1.043296,0.965371
0.066777,-1.043296,0.965371
0.066777,-1.043296,0.965371
0.066777,-1.043296,0.965371
0.066777,-1.043296,0.965371
0.066777,-1.043296,0.965371
0.066777,-1.043296,0.965371
0.066777,-1.043296,0.965371
0.066777,-1.043296,0.965371
0.066777,-1.043296,0.965371
0.066777,-1.043296,0.965371
0.066777,-1.043296,0.965371
0.066777,-1.043296,0.965371
0.066777,-1.043296,0.963784
0.066411,-1.043540,0.963784
0.066411,-1.043540,0.963784
0.066411,-1.043540,0.963784
0.066411,-1.043540,0.963784
0.066411,-1.043540,0.963784
0.066411,-1.043540,0.963784
0.066411,-1.043540,0.963784
0.066411,-1.043540,0.963784
0.066411,-1.043540,0.963784
0.066411,-1.043540,0.963784
0.066411,-1.043540,0.963784
0.066411,-1.043540,0.963784
0.066411,-1.043540,0.963784
0.066411,-1.043540,0.963784
0.066411,-1.043540,0.963784
0.066411,-1.043540,0.963784
0.066411,-1.043540,0.963906
0.066289,-1.043540,0.963906
0.066289,-1.043540,0.963906
0.066289,-1.043540,0.963906
0.066289,-1.043540,0.963906
0.066289,-1.043540,0.963906
0.066289,-1.043540,0.963906
0.066289,-1.043540,0.963906
0.066289,-1.043540,0.963906
0.066289,-1.043540,0.963906
0.066289,-1.043540,0.963906
0.066289,-1.043540,0.963906
0.066289,-1.043540,0.963906
0.066289,-1.043540,0.963906
0.066289,-1.043540,0.963906
0.066289,-1.043540,0.963906
0.066289,-1.040977,0.965249
0.066655,-1.040977,0.965249
0.066655,-1.040977,0.965249
0.066655,-1.040977,0.965249
0.066655,-1.040977,0.965249
0.066655,-1.040977,0.965249
0.066655,-1.040977,0.965249
0.066655,-1.040977,0.965249
0.066655,-1.040977,0.965249
0.066655,-1.040977,0.965249
0.066655,-1.040977,0.965249
0.066655,-1.040977,0.965249
0.066655,-1.040977,0.965249
0.066655,-1.040977,0.965249
0.066655,-1.040977,0.965249
0.066655,-1.040977,0.965249
0.066655,-1.044883,0.967568
0.066045,-1.044883,0.967568
0.066045,-1.044883,0.967568
0.066045,-1.044883,0.967568
0.066045,-1.044883,0.967568
0.066045,-1.044883,0.967568
0.066045,-1.044883,0.967568
0.066045,-1.044883,0.967568
0.066045,-1.044883,0.967568
0.066045,-1.044883,0.967568
0.066045,-1.044883,0.967568
0.066045,-1.044883,0.967568
0.066045,-1.044883,0.967568
0.066045,-1.044883,0.967568
0.066045,-1.044883,0.967568
0.066045,-1.044883,0.967568
0.066045,-1.044883,0.965981
0.062871,-1.045981,0.965981
0.062871,-1.045981,0.965981
0.062871,-1.045981,0.965981
0.062871,-1.045981,0.965981
0.062871,-1.045981,0.965981
0.062871,-1.045981,0.965981
0.062871,-1.045981,0.965981
0.062871,-1.045981,0.965981
0.062871,-1.045981,0.965981
0.062871,-1.045981,0.965981
0.062871,-1.045981,0.965981
0.062871,-1.045981,0.965981
0.062871,-1.045981,0.965981
0.062871,-1.045981,0.965981
0.062871,-1.045981,0.965981
0.062871,-1.045981,0.966103
0.064458,-1.043906,0.966103
0.064458,-1.043906,0.966103
0.064458,-1.043906,0.966103
0.064458,-1.043906,0.966103
0.064458,-1.043906,0.966103
0.064458,-1.043906,0.966103
0.064458,-1.043906,0.966103
0.064458,-1.043906,0.966103
0.064458,-1.043906,0.966103
0.064458,-1.043906,0.966103
0.064458,-1.043906,0.966103
0.064458,-1.043906,0.966103
0.064458,-1.043906,0.966103
0.064458,-1.043906,0.966103
0.064458,-1.043906,0.966103
0.064458,-1.043906,0.965371
0.064702,-1.044272,0.965371
0.064702,-1.044272,0.965371
0.064702,-1.044272,0.965371
0.064702,-1.044272,0.965371
0.064702,-1.044272,0.965371
0.064702,-1.044272,0.965371
0.064702,-1.044272,0.965371
0.064702,-1.044272,0.965371
0.064702,-1.044272,0.965371
0.064702,-1.044272,0.965371
0.064702,-1.044272,0.965371
0.064702,-1.044272,0.965371
0.064702,-1.044272,0.965371
0.064702,-1.044272,0.965371
0.064702,-1.044272,0.965371
0.065190,-1.044272,0.965859
0.065190,-1.044272,0.965859
0.065190,-1.044272,0.965859
0.065190,-1.044272,0.965859
0.065190,-1.044272,0.965859
0.065190,-1.044272,0.965859
0.065190,-1.044272,0.965859
0.065190,-1.044272,0.965859
0.065190,-1.044272,0.965859
0.065190,-1.044272,0.965859
0.065190,-1.044272,0.965859
0.065190,-1.044272,0.965859
0.065190,-1.044272,0.965859
0.065190,-1.044272,0.965859
0.065190,-1.044272,0.965859
0.065190,-1.044272,0.966226
0.065435,-1.045493,0.966226
0.065435,-1.045493,0.966226
0.065435,-1.045493,0.966226
0.065435,-1.045493,0.966226
0.065435,-1.045493,0.966226
0.065435,-1.045493,0.966226
0.065435,-1.045493,0.966226
0.065435,-1.045493,0.966226
0.065435,-1.045493,0.966226
0.065435,-1.045493,0.966226
0.065435,-1.045493,0.966226
0.065435,-1.045493,0.966226
0.065435,-1.045493,0.966226
0.065435,-1.045493,0.966226
0.065435,-1.045493,0.966226
0.065435,-1.045493,0.966226
0.065435,-1.042197,0.964517
0.065923,-1.042197,0.964517
0.065923,-1.042197,0.964517
0.065923,-1.042197,0.964517
0.065923,-1.042197,0.964517
0.065923,-1.042197,0.964517
0.065923,-1.042197,0.964517
0.065923,-1.042197,0.964517
0.065923,-1.042197,0.964517
0.065923,-1.042197,0.964517
0.065923,-1.042197,0.964517
0.065923,-1.042197,0.964517
0.065923,-1.042197,0.964517
0.065923,-1.042197,0.964517
0.065923,-1.042197,0.964517
0.065923,-1.042197,0.964517
0.065923,-1.042197,0.966470
0.063481,-1.043784,0.966470
0.063481,-1.043784,0.966470
0.063481,-1.043784,0.966470
0.063481,-1.043784,0.966470
0.063481,-1.043784,0.966470
0.063481,-1.043784,0.966470
0.063481,-1.043784,0.966470
0.063481,-1.043784,0.966470
0.063481,-1.043784,0.966470
0.063481,-1.043784,0.966470
0.063481,-1.043784,0.966470
0.063481,-1.043784,0.966470
0.063481,-1.043784,0.966470
0.063481,-1.043784,0.966470
0.063481,-1.043784,0.966470
0.063481,-1.043784,0.966470
0.062749,-1.046103,0.963906
0.062749,-1.046103,0.963906
0.062749,-1.046103,0.963906
0.062749,-1.046103,0.963906
0.062749,-1.046103,0.963906
0.062749,-1.046103,0.963906
0.062749,-1.046103,0.963906
0.062749,-1.046103,0.963906
0.062749,-1.046103,0.963906
0.062749,-1.046103,0.963906
0.062749,-1.046103,0.963906
0.062749,-1.046103,0.963906
0.062749,-1.046103,0.963906
0.062749,-1.046103,0.963906
0.062749,-1.046103,0.963906
0.062749,-1.046103,0.965737
0.063970,-1.042075,0.965737
0.063970,-1.042075,0.965737
0.063970,-1.042075,0.965737
0.063970,-1.042075,0.965737
0.063970,-1.042075,0.965737
0.063970,-1.042075,0.965737
0.063970,-1.042075,0.965737
0.063970,-1.042075,0.965737
0.063970,-1.042075,0.965737
0.063970,-1.042075,0.965737
0.063970,-1.042075,0.965737
0.063970,-1.042075,0.965737
0.063970,-1.042075,0.965737
0.063970,-1.042075,0.965737
0.063970,-1.042075,0.965737
0.063970,-1.046836,0.966592
0.062627,-1.046836,0.966592
0.062627,-1.046836,0.966592
0.062627,-1.046836,0.966592
0.062627,-1.046836,0.966592
0.062627,-1.046836,0.966592
0.062627,-1.046836,0.966592
0.062627,-1.046836,0.966592
0.062627,-1.046836,0.966592
0.062627,-1.046836,0.966592
0.062627,-1.046836,0.966592
0.062627,-1.046836,0.966592
0.062627,-1.046836,0.966592
0.062627,-1.046836,0.966592
0.062627,-1.046836,0.966592
0.062627,-1.046836,0.966592
0.062627,-1.046836,0.966592
0.067021,-1.042441,0.964395
0.067021,-1.042441,0.964395
0.067021,-1.042441,0.964395
0.067021,-1.042441,0.964395
0.067021,-1.042441,0.964395
0.067021,-1.042441,0.964395
0.067021,-1.042441,0.964395
0.067021,-1.042441,0.964395
0.067021,-1.042441,0.964395
0.067021,-1.042441,0.964395
0.067021,-1.042441,0.964395
0.067021,-1.042441,0.964395
0.067021,-1.042441,0.964395
0.067021,-1.042441,0.964395
0.067021,-1.042441,0.964395
0.067021,-1.042441,0.964395
0.063726,-1.039390,0.963296
0.063726,-1.039390,0.963296
0.063726,-1.039390,0.963296
0.063726,-1.039390,0.963296
0.063726,-1.039390,0.963296
0.063726,-1.039390,0.963296
0.063726,-1.039390,0.963296
0.063726,-1.039390,0.963296
0.063726,-1.039390,0.963296
0.063726,-1.039390,0.963296
0.063726,-1.039390,0.963296
0.063726,-1.039390,0.963296
0.063726,-1.039390,0.963296
0.063726,-1.039390,0.963296
0.063726,-1.039390,0.963296
0.063726,-1.039390,0.963296
0.063726,-1.070640,0.964028
0.064458,-1.045859,0.964028
0.064458,-1.045859,0.964028
0.064458,-1.045859,0.964028
0.064458,-1.045859,0.964028
0.064458,-1.045859,0.964028
0.064458,-1.045859,0.964028
0.064458,-1.045859,0.964028
0.064458,-1.045859,0.964028
0.064458,-1.045859,0.964028
0.064458,-1.045859,0.964028
0.064458,-1.045859,0.964028
0.064458,-1.045859,0.964028
0.064458,-1.045859,0.964028
0.064458,-1.045859,0.964028
0.064458,-1.045859,0.964028
0.064458,-1.045859,0.965005
0.067266,-1.040366,0.965005
0.067266,-1.040366,0.965005
0.067266,-1.040366,0.965005
0.067266,-1.040366,0.965005
0.067266,-1.040366,0.965005
0.067266,-1.040366,0.965005
0.067266,-1.040366,0.965005
0.067266,-1.040366,0.965005
0.067266,-1.040366,0.965005
0.067266,-1.040366,0.965005
0.067266,-1.040366,0.965005
0.067266,-1.040366,0.965005
0.067266,-1.040366,0.965005
0.067266,-1.040366,0.965005
0.067266,-1.040366,0.965005
0.067266,-1.040366,0.963662
0.062627,-1.043540,0.963662
0.062627,-1.043540,0.963662
0.062627,-1.043540,0.963662
0.062627,-1.043540,0.963662
0.062627,-1.043540,0.963662
0.062627,-1.043540,0.963662
0.062627,-1.043540,0.963662
0.062627,-1.043540,0.963662
0.062627,-1.043540,0.963662
0.062627,-1.043540,0.963662
0.062627,-1.043540,0.963662
0.062627,-1.043540,0.963662
0.062627,-1.043540,0.963662
0.062627,-1.043540,0.963662
0.062627,-1.043540,0.963662
0.062627,-1.044639,0.964517
0.065557,-1.044639,0.964517
0.065557,-1.044639,0.964517
0.065557,-1.044639,0.964517
0.065557,-1.044639,0.964517
0.065557,-1.044639,0.964517
0.065557,-1.044639,0.964517
0.065557,-1.044639,0.964517
0.065557,-1.044639,0.964517
0.065557,-1.044639,0.964517
0.065557,-1.044639,0.964517
0.065557,-1.044639,0.964517
0.065557,-1.044639,0.964517
0.065557,-1.044639,0.964517
0.065557,-1.044639,0.964517
0.065557,-1.044639,0.964517
0.065557,-1.042808,0.967446
0.066411,-1.042808,0.967446
0.066411,-1.042808,0.967446
0.066411,-1.042808,0.967446
0.066411,-1.042808,0.967446
0.066411,-1.042808,0.967446
0.066411,-1.042808,0.967446
0.066411,-1.042808,0.967446
0.066411,-1.042808,0.967446
0.066411,-1.042808,0.967446
0.066411,-1.042808,0.967446
0.066411,-1.042808,0.967446
0.066411,-1.042808,0.967446
0.066411,-1.042808,0.967446
0.066411,-1.042808,0.967446
0.066411,-1.042808,0.967446
0.066411,-1.042808,0.963784
0.065801,-1.046348,0.963784
0.065801,-1.046348,0.963784
0.065801,-1.046348,0.963784
0.065801,-1.046348,0.963784
0.065801,-1.046348,0.963784
0.065801,-1.046348,0.963784
0.065801,-1.046348,0.963784
0.065801,-1.046348,0.963784
0.065801,-1.046348,0.963784
0.065801,-1.046348,0.963784
0.065801,-1.046348,0.963784
0.065801,-1.046348,0.963784
0.065801,-1.046348,0.963784
0.065801,-1.046348,0.963784
0.065801,-1.046348,0.963784
0.065801,-1.046348,0.964272
0.063237,-1.037925,0.964272
0.063237,-1.037925,0.964272
0.063237,-1.037925,0.964272
0.063237,-1.037925,0.964272
0.063237,-1.037925,0.964272
0.063237,-1.037925,0.964272
0.063237,-1.037925,0.964272
0.063237,-1.037925,0.964272
0.063237,-1.037925,0.964272
0.063237,-1.037925,0.964272
0.063237,-1.037925,0.964272
0.063237,-1.037925,0.964272
0.063237,-1.037925,0.964272
0.063237,-1.037925,0.964272
0.063237,-1.037925,0.964272
0.063848,-1.046958,0.965737
0.063848,-1.046958,0.965737
0.063848,-1.046958,0.965737
0.063848,-1.046958,0.965737
0.063848,-1.046958,0.965737
0.063848,-1.046958,0.965737
0.063848,-1.046958,0.965737
0.063848,-1.046958,0.965737
0.063848,-1.046958,0.965737
0.063848,-1.046958,0.965737
0.063848,-1.046958,0.965737
0.063848,-1.046958,0.965737
0.063848,-1.046958,0.965737
0.063848,-1.046958,0.965737
0.063848,-1.046958,0.965737
0.063848,-1.046958,0.965737
0.063848,-1.042930,0.970742
0.063481,-1.042930,0.970742
0.063481,-1.042930,0.970742
0.063481,-1.042930,0.970742
0.063481,-1.042930,0.970742
0.063481,-1.042930,0.970742
0.063481,-1.042930,0.970742
0.063481,-1.042930,0.970742
0.063481,-1.042930,0.970742
0.063481,-1.042930,0.970742
0.063481,-1.042930,0.970742
0.063481,-1.042930,0.970742
0.063481,-1.042930,0.970742
0.063481,-1.042930,0.970742
0.063481,-1.042930,0.970742
0.063481,-1.042930,0.970742
0.063481,-1.042930,0.970742
0.063481,-1.043540,0.962319
0.065312,-1.043540,0.962319
0.065312,-1.043540,0.962319
0.065312,-1.043540,0.962319
0.065312,-1.043540,0.962319
0.065312,-1.043540,0.962319
0.065312,-1.043540,0.962319
0.065312,-1.043540,0.962319
0.065312,-1.043540,0.962319
0.065312,-1.043540,0.962319
0.065312,-1.043540,0.962319
0.065312,-1.043540,0.962319
0.065312,-1.043540,0.962319
0.065312,-1.043540,0.962319
0.065312,-1.043540,0.962319
0.065312,-1.043540,0.962319
0.065312,-1.043540,0.962319
0.064824,-1.040977,0.963296
0.064824,-1.040977,0.963296
0.064824,-1.040977,0.963296
0.064824,-1.040977,0.963296
0.064824,-1.040977,0.963296
0.064824,-1.040977,0.963296
0.064824,-1.040977,0.963296
0.064824,-1.040977,0.963296
0.064824,-1.040977,0.963296
0.064824,-1.040977,0.963296
0.064824,-1.040977,0.963296
0.064824,-1.040977,0.963296
0.064824,-1.040977,0.963296
0.064824,-1.040977,0.963296
0.064824,-1.040977,0.963296
0.064824,-1.040977,0.963296
0.063359,-1.047324,0.963906
0.063359,-1.047324,0.963906
0.063359,-1.047324,0.963906
0.063359,-1.047324,0.963906
0.063359,-1.047324,0.963906
0.063359,-1.047324,0.963906
0.063359,-1.047324,0.963906
0.063359,-1.047324,0.963906
0.063359,-1.047324,0.963906
0.063359,-1.047324,0.963906
0.063359,-1.047324,0.963906
0.063359,-1.047324,0.963906
0.063359,-1.047324,0.963906
0.063359,-1.047324,0.963906
0.063359,-1.047324,0.963906
0.063359,-1.047324,0.963906
0.064946,-1.040488,0.963052
0.064946,-1.040488,0.963052
0.064946,-1.040488,0.963052
0.064946,-1.040488,0.963052
0.064946,-1.040488,0.963052
0.064946,-1.040488,0.963052
0.064946,-1.040488,0.963052
0.064946,-1.040488,0.963052
0.064946,-1.040488,0.963052
0.064946,-1.040488,0.963052
0.064946,-1.040488,0.963052
0.064946,-1.040488,0.963052
0.064946,-1.040488,0.963052
0.064946,-1.040488,0.963052
0.064946,-1.040488,0.963052
0.064946,-1.040488,0.967324
0.063970,-1.044028,0.967324
0.063970,-1.044028,0.967324
0.063970,-1.044028,0.967324
0.063970,-1.044028,0.967324
0.063970,-1.044028,0.967324
0.063970,-1.044028,0.967324
0.063970,-1.044028,0.967324
0.063970,-1.044028,0.967324
0.063970,-1.044028,0.967324
0.063970,-1.044028,0.967324
0.063970,-1.044028,0.967324
0.063970,-1.044028,0.967324
0.063970,-1.044028,0.967324
0.063970,-1.044028,0.967324
0.063970,-1.044028,0.967324
0.063970,-1.044028,0.968667
0.060796,-1.047812,0.968667
0.060796,-1.047812,0.968667
0.060796,-1.047812,0.968667
0.060796,-1.047812,0.968667
0.060796,-1.047812,0.968667
0.060796,-1.047812,0.968667
0.060796,-1.047812,0.968667
0.060796,-1.047812,0.968667
0.060796,-1.047812,0.968667
0.060796,-1.047812,0.968667
0.060796,-1.047812,0.968667
0.060796,-1.047812,0.968667
0.060796,-1.047812,0.968667
0.060796,-1.047812,0.968667
0.060796,-1.047812,0.968667
0.060796,-1.047812,0.968667
0.060796,-1.042686,0.967935
0.063115,-1.042686,0.967935
0.063115,-1.042686,0.967935
0.063115,-1.042686,0.967935
0.063115,-1.042686,0.967935
0.063115,-1.042686,0.967935
0.063115,-1.042686,0.967935
0.063115,-1.042686,0.967935
0.063115,-1.042686,0.967935
0.063115,-1.042686,0.967935
0.063115,-1.042686,0.967935
0.063115,-1.042686,0.967935
0.063115,-1.042686,0.967935
0.063115,-1.042686,0.967935
0.063115,-1.042686,0.967935
0.063115,-1.042686,0.967935
0.063115,-1.042686,0.965981
0.063970,-1.041587,0.965981
0.063970,-1.041587,0.965981
0.063970,-1.041587,0.965981
0.063970,-1.041587,0.965981
0.063970,-1.041587,0.965981
0.063970,-1.041587,0.965981
0.063970,-1.041587,0.965981
0.063970,-1.041587,0.965981
0.063970,-1.041587,0.965981
0.063970,-1.041587,0.965981
0.063970,-1.041587,0.965981
0.063970,-1.041587,0.965981
0.063970,-1.041587,0.965981
0.063970,-1.041587,0.965981
0.063970,-1.041587,0.965981
0.064336,-1.042686,0.964639
0.064336,-1.042686,0.964639
0.064336,-1.042686,0.964639
0.064336,-1.042686,0.964639
0.064336,-1.042686,0.964639
0.064336,-1.042686,0.964639
0.064336,-1.042686,0.964639
0.064336,-1.042686,0.964639
0.064336,-1.042686,0.964639
0.064336,-1.042686,0.964639
0.064336,-1.042686,0.964639
0.064336,-1.042686,0.964639
0.064336,-1.042686,0.964639
0.064336,-1.042686,0.964639
0.064336,-1.042686,0.964639
0.064336,-1.042686,0.964517
0.063604,-1.045371,0.964517
0.063604,-1.045371,0.964517
0.063604,-1.045371,0.964517
0.063604,-1.045371,0.964517
0.063604,-1.045371,0.964517
0.063604,-1.045371,0.964517
0.063604,-1.045371,0.964517
0.063604,-1.045371,0.964517
0.063604,-1.045371,0.964517
0.063604,-1.045371,0.964517
0.063604,-1.045371,0.964517
0.063604,-1.045371,0.964517
0.063604,-1.045371,0.964517
0.063604,-1.045371,0.964517
0.063604,-1.045371,0.964517
0.063604,-1.045371,0.964517
0.063604,-1.044394,0.966714
0.064214,-1.044394,0.966714
0.064214,-1.044394,0.966714
0.064214,-1.044394,0.966714
0.064214,-1.044394,0.966714
0.064214,-1.044394,0.966714
0.064214,-1.044394,0.966714
0.064214,-1.044394,0.966714
0.064214,-1.044394,0.966714
0.064214,-1.044394,0.966714
0.064214,-1.044394,0.966714
0.064214,-1.044394,0.966714
0.064214,-1.044394,0.966714
0.064214,-1.044394,0.966714
0.064214,-1.044394,0.966714
0.064214,-1.044394,0.966714
0.064214,-1.044394,0.964883
0.061895,-1.041343,0.964883
0.061895,-1.041343,0.964883
0.061895,-1.041343,0.964883
0.061895,-1.041343,0.964883
0.061895,-1.041343,0.964883
0.061895,-1.041343,0.964883
0.061895,-1.041343,0.964883
0.061895,-1.041343,0.964883
0.061895,-1.041343,0.964883
0.061895,-1.041343,0.964883
0.061895,-1.041343,0.964883
0.061895,-1.041343,0.964883
0.061895,-1.041343,0.964883
0.061895,-1.041343,0.964883
0.061895,-1.041343,0.964883
0.061895,-1.041343,0.964761
0.064946,-1.041099,0.964761
0.064946,-1.041099,0.964761
0.064946,-1.041099,0.964761
0.064946,-1.041099,0.964761
0.064946,-1.041099,0.964761
0.064946,-1.041099,0.964761
0.064946,-1.041099,0.964761
0.064946,-1.041099,0.964761
0.064946,-1.041099,0.964761
0.064946,-1.041099,0.964761
0.064946,-1.041099,0.964761
0.064946,-1.041099,0.964761
0.064946,-1.041099,0.964761
0.064946,-1.041099,0.964761
0.064946,-1.041099,0.964761
0.064946,-1.041099,0.965737
0.062871,-1.048057,0.965737
0.062871,-1.048057,0.965737
0.062871,-1.048057,0.965737
0.062871,-1.048057,0.965737
0.062871,-1.048057,0.965737
0.062871,-1.048057,0.965737
0.062871,-1.048057,0.965737
0.062871,-1.048057,0.965737
0.062871,-1.048057,0.965737
0.062871,-1.048057,0.965737
0.062871,-1.048057,0.965737
0.062871,-1.048057,0.965737
0.062871,-1.048057,0.965737
0.062871,-1.048057,0.965737
0.062871,-1.048057,0.965737
0.062871,-1.048057,0.965737
0.062505,-1.044394,0.966592
0.062505,-1.044394,0.966592
0.062505,-1.044394,0.966592
0.062505,-1.044394,0.966592
0.062505,-1.044394,0.966592
0.062505,-1.044394,0.966592
0.062505,-1.044394,0.966592
0.062505,-1.044394,0.966592
0.062505,-1.044394,0.966592
0.062505,-1.044394,0.966592
0.062505,-1.044394,0.966592
0.062505,-1.044394,0.966592
0.062505,-1.044394,0.966592
0.062505,-1.044394,0.966592
0.062505,-1.044394,0.966592
0.062505,-1.044394,0.966592
0.062505,-1.043662,0.962441
0.064092,-1.043662,0.962441
0.064092,-1.043662,0.962441
0.064092,-1.043662,0.962441
0.064092,-1.043662,0.962441
0.064092,-1.043662,0.962441
0.064092,-1.043662,0.962441
0.064092,-1.043662,0.962441
0.064092,-1.043662,0.962441
0.064092,-1.043662,0.962441
0.064092,-1.043662,0.962441
0.064092,-1.043662,0.962441
0.064092,-1.043662,0.962441
0.064092,-1.043662,0.962441
0.064092,-1.043662,0.962441
0.064092,-1.043662,0.962441
0.064092,-1.043662,0.962441
0.063848,-1.041099,0.964150
0.063848,-1.041099,0.964150
0.063848,-1.041099,0.964150
0.063848,-1.041099,0.964150
0.063848,-1.041099,0.964150
0.063848,-1.041099,0.964150
0.063848,-1.041099,0.964150
0.063848,-1.041099,0.964150
0.063848,-1.041099,0.964150
0.063848,-1.041099,0.964150
0.063848,-1.041099,0.964150
0.063848,-1.041099,0.964150
0.063848,-1.041099,0.964150
0.063848,-1.041099,0.964150
0.063848,-1.041099,0.964150
0.063848,-1.041099,0.964150
0.064214,-1.045005,0.965859
0.064214,-1.045005,0.965859
0.064214,-1.045005,0.965859
0.064214,-1.045005,0.965859
0.064214,-1.045005,0.965859
0.064214,-1.045005,0.965859
0.064214,-1.045005,0.965859
0.064214,-1.045005,0.965859
0.064214,-1.045005,0.965859
0.064214,-1.045005,0.965859
0.064214,-1.045005,0.965859
0.064214,-1.045005,0.965859
0.064214,-1.045005,0.965859
0.064214,-1.045005,0.965859
0.064214,-1.045005,0.965859
0.064214,-1.045005,0.965859
0.063115,-1.036826,0.964028
0.063115,-1.036826,0.964028
0.063115,-1.036826,0.964028
0.063115,-1.036826,0.964028
0.063115,-1.036826,0.964028
0.063115,-1.036826,0.964028
0.063115,-1.036826,0.964028
0.063115,-1.036826,0.964028
0.063115,-1.036826,0.964028
0.063115,-1.036826,0.964028
0.063115,-1.036826,0.964028
0.063115,-1.036826,0.964028
0.063115,-1.036826,0.964028
0.063115,-1.036826,0.964028
0.063115,-1.036826,0.964028
0.063115,-1.036826,0.964028
0.063115,-1.053428,0.967568
0.063115,-1.053428,0.967568
0.063115,-1.053428,0.967568
0.063115,-1.053428,0.967568
0.063115,-1.053428,0.967568
0.063115,-1.053428,0.967568
0.063115,-1.053428,0.967568
0.063115,-1.053428,0.967568
0.063115,-1.053428,0.967568
0.063115,-1.053428,0.967568
0.063115,-1.053428,0.967568
0.063115,-1.053428,0.967568
0.063115,-1.053428,0.967568
0.063115,-1.053428,0.967568
0.063115,-1.053428,0.967568
0.063115,-1.053428,0.967568
0.063115,-1.040366,0.969521
0.063115,-1.040366,0.969521
0.063115,-1.040366,0.969521
0.063115,-1.040366,0.969521
0.063115,-1.040366,0.969521
0.063115,-1.040366,0.969521
0.063115,-1.040366,0.969521
0.063115,-1.040366,0.969521
0.063115,-1.040366,0.969521
0.063115,-1.040366,0.969521
0.063115,-1.040366,0.969521
0.063115,-1.040366,0.969521
0.063115,-1.040366,0.969521
0.063115,-1.040366,0.969521
0.063115,-1.040366,0.969521
0.063115,-1.040366,0.969521
0.063115,-1.040366,0.964395
0.062505,-1.040488,0.964395
0.062505,-1.040488,0.964395
0.062505,-1.040488,0.964395
0.062505,-1.040488,0.964395
0.062505,-1.040488,0.964395
0.062505,-1.040488,0.964395
0.062505,-1.040488,0.964395
0.062505,-1.040488,0.964395
0.062505,-1.040488,0.964395
0.062505,-1.040488,0.964395
0.062505,-1.040488,0.964395
0.062505,-1.040488,0.964395
0.062505,-1.040488,0.964395
0.062505,-1.040488,0.964395
0.062505,-1.040488,0.964395
0.062505,-1.040488,0.964395
0.062505,-1.048179,0.963906
0.063726,-1.048179,0.963906
0.063726,-1.048179,0.963906
0.063726,-1.048179,0.963906
0.063726,-1.048179,0.963906
0.063726,-1.048179,0.963906
0.063726,-1.048179,0.963906
0.063726,-1.048179,0.963906
0.063726,-1.048179,0.963906
0.063726,-1.048179,0.963906
0.063726,-1.048179,0.963906
0.063726,-1.048179,0.963906
0.063726,-1.048179,0.963906
0.063726,-1.048179,0.963906
0.063726,-1.048179,0.963906
0.063726,-1.048179,0.963906
0.063726,-1.041953,0.962686
0.062871,-1.041953,0.962686
0.062871,-1.041953,0.962686
0.062871,-1.041953,0.962686
0.062871,-1.041953,0.962686
0.062871,-1.041953,0.962686
0.062871,-1.041953,0.962686
0.062871,-1.041953,0.962686
0.062871,-1.041953,0.962686
0.062871,-1.041953,0.962686
0.062871,-1.041953,0.962686
0.062871,-1.041953,0.962686
0.062871,-1.041953,0.962686
0.062871,-1.041953,0.962686
0.062871,-1.041953,0.962686
0.062871,-1.041953,0.962686
0.062871,-1.043540,0.965493
0.059575,-1.043540,0.965493
0.059575,-1.043540,0.965493
0.059575,-1.043540,0.965493
0.059575,-1.043540,0.965493
0.059575,-1.043540,0.965493
0.059575,-1.043540,0.965493
0.059575,-1.043540,0.965493
0.059575,-1.043540,0.965493
0.059575,-1.043540,0.965493
0.059575,-1.043540,0.965493
0.059575,-1.043540,0.965493
0.059575,-1.043540,0.965493
0.059575,-1.043540,0.965493
0.059575,-1.043540,0.965493
0.059575,-1.043540,0.965493
0.059575,-1.045493,0.966592
0.061650,-1.045493,0.966592
0.061650,-1.045493,0.966592
0.061650,-1.045493,0.966592
0.061650,-1.045493,0.966592
0.061650,-1.045493,0.966592
0.061650,-1.045493,0.966592
0.061650,-1.045493,0.966592
0.061650,-1.045493,0.966592
0.061650,-1.045493,0.966592
0.061650,-1.045493,0.966592
0.061650,-1.045493,0.966592
0.061650,-1.045493,0.966592
0.061650,-1.045493,0.966592
0.061650,-1.045493,0.966592
0.061650,-1.045493,0.966592
0.061650,-1.045493,0.965615
0.063970,-1.044150,0.965615
0.063970,-1.044150,0.965615
0.063970,-1.044150,0.965615
0.063970,-1.044150,0.965615
0.063970,-1.044150,0.965615
0.063970,-1.044150,0.965615
0.063970,-1.044150,0.965615
0.063970,-1.044150,0.965615
0.063970,-1.044150,0.965615
0.063970,-1.044150,0.965615
0.063970,-1.044150,0.965615
0.063970,-1.044150,0.965615
0.063970,-1.044150,0.965615
0.063970,-1.044150,0.965615
0.063970,-1.044150,0.965615
0.063970,-1.043418,0.964272
0.062383,-1.043418,0.964272
0.062383,-1.043418,0.964272
0.062383,-1.043418,0.964272
0.062383,-1.043418,0.964272
0.062383,-1.043418,0.964272
0.062383,-1.043418,0.964272
0.062383,-1.043418,0.964272
0.062383,-1.043418,0.964272
0.062383,-1.043418,0.964272
0.062383,-1.043418,0.964272
0.062383,-1.043418,0.964272
0.062383,-1.043418,0.964272
0.062383,-1.043418,0.964272
0.062383,-1.043418,0.964272
0.062383,-1.043418,0.964272
0.062383,-1.043418,0.964272
0.061406,-1.042930,0.965737
0.061406,-1.042930,0.965737
0.061406,-1.042930,0.965737
0.061406,-1.042930,0.965737
0.061406,-1.042930,0.965737
0.061406,-1.042930,0.965737
0.061406,-1.042930,0.965737
0.061406,-1.042930,0.965737
0.061406,-1.042930,0.965737
0.061406,-1.042930,0.965737
0.061406,-1.042930,0.965737
0.061406,-1.042930,0.965737
0.061406,-1.042930,0.965737
0.061406,-1.042930,0.965737
0.061406,-1.042930,0.965737
0.061406,-1.042930,0.968179
0.063970,-1.042930,0.968179
0.063970,-1.042930,0.968179
0.063970,-1.042930,0.968179
0.063970,-1.042930,0.968179
0.063970,-1.042930,0.968179
0.063970,-1.042930,0.968179
0.063970,-1.042930,0.968179
0.063970,-1.042930,0.968179
0.063970,-1.042930,0.968179
0.063970,-1.042930,0.968179
0.063970,-1.042930,0.968179
0.063970,-1.042930,0.968179
0.063970,-1.042930,0.968179
0.063970,-1.042930,0.968179
0.063970,-1.042930,0.968179
0.063970,-1.042930,0.968179
0.062993,-1.043540,0.969033
0.062993,-1.043540,0.969033
0.062993,-1.043540,0.969033
0.062993,-1.043540,0.969033
0.062993,-1.043540,0.969033
0.062993,-1.043540,0.969033
0.062993,-1.043540,0.969033
0.062993,-1.043540,0.969033
0.062993,-1.043540,0.969033
0.062993,-1.043540,0.969033
0.062993,-1.043540,0.969033
0.062993,-1.043540,0.969033
0.062993,-1.043540,0.969033
0.062993,-1.043540,0.969033
0.062993,-1.043540,0.969033
0.062993,-1.043540,0.969033
0.060186,-1.044394,0.965249
0.060186,-1.044394,0.965249
0.060186,-1.044394,0.965249
0.060186,-1.044394,0.965249
0.060186,-1.044394,0.965249
0.060186,-1.044394,0.965249
0.060186,-1.044394,0.965249
0.060186,-1.044394,0.965249
0.060186,-1.044394,0.965249
0.060186,-1.044394,0.965249
0.060186,-1.044394,0.965249
0.060186,-1.044394,0.965249
0.060186,-1.044394,0.965249
0.060186,-1.044394,0.965249
0.060186,-1.044394,0.965249
0.060186,-1.044394,0.965249
0.061284,-1.041831,0.962563
0.061284,-1.041831,0.962563
0.061284,-1.041831,0.962563
0.061284,-1.041831,0.962563
0.061284,-1.041831,0.962563
0.061284,-1.041831,0.962563
0.061284,-1.041831,0.962563
0.061284,-1.041831,0.962563
0.061284,-1.041831,0.962563
0.061284,-1.041831,0.962563
0.061284,-1.041831,0.962563
0.061284,-1.041831,0.962563
0.061284,-1.041831,0.962563
0.061284,-1.041831,0.962563
0.061284,-1.041831,0.962563
0.061284,-1.042686,0.964395
0.060552,-1.042686,0.964395
0.060552,-1.042686,0.964395
0.060552,-1.042686,0.964395
0.060552,-1.042686,0.964395
0.060552,-1.042686,0.964395
0.060552,-1.042686,0.964395
0.060552,-1.042686,0.964395
0.060552,-1.042686,0.964395
0.060552,-1.042686,0.964395
0.060552,-1.042686,0.964395
0.060552,-1.042686,0.964395
0.060552,-1.042686,0.964395
0.060552,-1.042686,0.964395
0.060552,-1.042686,0.964395
0.060552,-1.042686,0.964639
0.062261,-1.044150,0.964639
0.062261,-1.044150,0.964639
0.062261,-1.044150,0.964639
0.062261,-1.044150,0.964639
0.062261,-1.044150,0.964639
0.062261,-1.044150,0.964639
0.062261,-1.044150,0.964639
0.062261,-1.044150,0.964639
0.062261,-1.044150,0.964639
0.062261,-1.044150,0.964639
0.062261,-1.044150,0.964639
0.062261,-1.044150,0.964639
0.062261,-1.044150,0.964639
0.062261,-1.044150,0.964639
0.062261,-1.044150,0.964639
0.062261,-1.044150,0.964639
0.062261,-1.039634,0.965981
0.062993,-1.039634,0.965981
0.062993,-1.039634,0.965981
0.062993,-1.039634,0.965981
0.062993,-1.039634,0.965981
0.062993,-1.039634,0.965981
0.062993,-1.039634,0.965981
0.062993,-1.039634,0.965981
0.062993,-1.039634,0.965981
0.062993,-1.039634,0.965981
0.062993,-1.039634,0.965981
0.062993,-1.039634,0.965981
0.062993,-1.039634,0.965981
0.062993,-1.039634,0.965981
0.062993,-1.039634,0.965981
0.062993,-1.039634,0.965981
0.062993,-1.039634,0.965981
0.060552,-1.045859,0.960366
0.060552,-1.045859,0.960366
0.060552,-1.045859,0.960366
0.060552,-1.045859,0.960366
0.060552,-1.045859,0.960366
0.060552,-1.045859,0.960366
0.060552,-1.045859,0.960366
0.060552,-1.045859,0.960366
0.060552,-1.045859,0.960366
0.060552,-1.045859,0.960366
0.060552,-1.045859,0.960366
0.060552,-1.045859,0.960366
0.060552,-1.045859,0.960366
0.060552,-1.045859,0.960366
0.060552,-1.045859,0.960366
0.060552,-1.045859,0.960366
0.063481,-1.039512,0.970132
0.063481,-1.039512,0.970132
0.063481,-1.039512,0.970132
0.063481,-1.039512,0.970132
0.063481,-1.039512,0.970132
0.063481,-1.039512,0.970132
0.063481,-1.039512,0.970132
0.063481,-1.039512,0.970132
0.063481,-1.039512,0.970132
0.063481,-1.039512,0.970132
0.063481,-1.039512,0.970132
0.063481,-1.039512,0.970132
0.063481,-1.039512,0.970132
0.063481,-1.039512,0.970132
0.063481,-1.039512,0.970132
0.063481,-1.039512,0.970132
0.063481,-1.047202,0.967690
0.062993,-1.047202,0.967690
0.062993,-1.047202,0.967690
0.062993,-1.047202,0.967690
0.062993,-1.047202,0.967690
0.062993,-1.047202,0.967690
0.062993,-1.047202,0.967690
0.062993,-1.047202,0.967690
0.062993,-1.047202,0.967690
0.062993,-1.047202,0.967690
0.062993,-1.047202,0.967690
0.062993,-1.047202,0.967690
0.062993,-1.047202,0.967690
0.062993,-1.047202,0.967690
0.062993,-1.047202,0.967690
0.062993,-1.043662,0.965371
0.062383,-1.043662,0.965371
0.062383,-1.043662,0.965371
0.062383,-1.043662,0.965371
0.062383,-1.043662,0.965371
0.062383,-1.043662,0.965371
0.062383,-1.043662,0.965371
0.062383,-1.043662,0.965371
0.062383,-1.043662,0.965371
0.062383,-1.043662,0.965371
0.062383,-1.043662,0.965371
0.062383,-1.043662,0.965371
0.062383,-1.043662,0.965371
0.062383,-1.043662,0.965371
0.062383,-1.043662,0.965371
0.062383,-1.043662,0.960854
0.060674,-1.045005,0.960854
0.060674,-1.045005,0.960854
0.060674,-1.045005,0.960854
0.060674,-1.045005,0.960854
0.060674,-1.045005,0.960854
0.060674,-1.045005,0.960854
0.060674,-1.045005,0.960854
0.060674,-1.045005,0.960854
0.060674,-1.045005,0.960854
0.060674,-1.045005,0.960854
0.060674,-1.045005,0.960854
0.060674,-1.045005,0.960854
0.060674,-1.045005,0.960854
0.060674,-1.045005,0.960854
0.060674,-1.045005,0.960854
0.060674,-1.045005,0.955728
0.059087,-1.044883,0.955728
0.059087,-1.044883,0.955728
0.059087,-1.044883,0.955728
0.059087,-1.044883,0.955728
0.059087,-1.044883,0.955728
0.059087,-1.044883,0.955728
0.059087,-1.044883,0.955728
0.059087,-1.044883,0.955728
0.059087,-1.044883,0.955728
0.059087,-1.044883,0.955728
0.059087,-1.044883,0.955728
0.059087,-1.044883,0.955728
0.059087,-1.044883,0.955728
0.059087,-1.044883,0.955728
0.059087,-1.044883,0.955728
0.059087,-1.044883,0.955728
0.058965,-1.040854,0.970620
0.058965,-1.040854,0.970620
0.058965,-1.040854,0.970620
0.058965,-1.040854,0.970620
0.058965,-1.040854,0.970620
0.058965,-1.040854,0.970620
0.058965,-1.040854,0.970620
0.058965,-1.040854,0.970620
0.058965,-1.040854,0.970620
0.058965,-1.040854,0.970620
0.058965,-1.040854,0.970620
0.058965,-1.040854,0.970620
0.058965,-1.040854,0.970620
0.058965,-1.040854,0.970620
0.058965,-1.040854,0.970620
0.058965,-1.040854,0.970620
0.058965,-1.040854,0.978433
0.059331,-1.045493,0.978433
0.059331,-1.045493,0.978433
0.059331,-1.045493,0.978433
0.059331,-1.045493,0.978433
0.059331,-1.045493,0.978433
0.059331,-1.045493,0.978433
0.059331,-1.045493,0.978433
0.059331,-1.045493,0.978433
0.059331,-1.045493,0.978433
0.059331,-1.045493,0.978433
0.059331,-1.045493,0.978433
0.059331,-1.045493,0.978433
0.059331,-1.045493,0.978433
0.059331,-1.045493,0.978433
0.059331,-1.045493,0.978433
0.059331,-1.045493,0.971353
0.062261,-1.045371,0.971353
0.062261,-1.045371,0.971353
0.062261,-1.045371,0.971353
0.062261,-1.045371,0.971353
0.062261,-1.045371,0.971353
0.062261,-1.045371,0.971353
0.062261,-1.045371,0.971353
0.062261,-1.045371,0.971353
0.062261,-1.045371,0.971353
0.062261,-1.045371,0.971353
0.062261,-1.045371,0.971353
0.062261,-1.045371,0.971353
0.062261,-1.045371,0.971353
0.062261,-1.045371,0.971353
0.062261,-1.045371,0.971353
0.062261,-1.045371,0.971353
0.062749,-1.043174,0.962441
0.062749,-1.043174,0.962441
0.062749,-1.043174,0.962441
0.062749,-1.043174,0.962441
0.062749,-1.043174,0.962441
0.062749,-1.043174,0.962441
0.062749,-1.043174,0.962441
0.062749,-1.043174,0.962441
0.062749,-1.043174,0.962441
0.062749,-1.043174,0.962441
0.062749,-1.043174,0.962441
0.062749,-1.043174,0.962441
0.062749,-1.043174,0.962441
0.062749,-1.043174,0.962441
0.062749,-1.043174,0.962441
0.062749,-1.043174,0.964639
0.062017,-1.042075,0.964639
0.062017,-1.042075,0.964639
0.062017,-1.042075,0.964639
0.062017,-1.042075,0.964639
0.062017,-1.042075,0.964639
0.062017,-1.042075,0.964639
0.062017,-1.042075,0.964639
0.062017,-1.042075,0.964639
0.062017,-1.042075,0.964639
0.062017,-1.042075,0.964639
0.062017,-1.042075,0.964639
0.062017,-1.042075,0.964639
0.062017,-1.042075,0.964639
0.062017,-1.042075,0.964639
0.062017,-1.042075,0.964639
0.062017,-1.042075,0.973184
0.059331,-1.045005,0.973184
0.059331,-1.045005,0.973184
0.059331,-1.045005,0.973184
0.059331,-1.045005,0.973184
0.059331,-1.045005,0.973184
0.059331,-1.045005,0.973184
0.059331,-1.045005,0.973184
0.059331,-1.045005,0.973184
0.059331,-1.045005,0.973184
0.059331,-1.045005,0.973184
0.059331,-1.045005,0.973184
0.059331,-1.045005,0.973184
0.059331,-1.045005,0.973184
0.059331,-1.045005,0.973184
0.059331,-1.045005,0.973184
0.059331,-1.045005,0.973184
0.059331,-1.045005,0.970498
0.057744,-1.045127,0.970498
0.057744,-1.045127,0.970498
0.057744,-1.045127,0.970498
0.057744,-1.045127,0.970498
0.057744,-1.045127,0.970498
0.057744,-1.045127,0.970498
0.057744,-1.045127,0.970498
0.057744,-1.045127,0.970498
0.057744,-1.045127,0.970498
0.057744,-1.045127,0.970498
0.057744,-1.045127,0.970498
0.057744,-1.045127,0.970498
0.057744,-1.045127,0.970498
0.057744,-1.045127,0.970498
0.057744,-1.045127,0.970498
0.057744,-1.045127,0.968301
0.059575,-1.045127,0.968301
0.059575,-1.045127,0.968301
0.059575,-1.045127,0.968301
0.059575,-1.045127,0.968301
0.059575,-1.045127,0.968301
0.059575,-1.045127,0.968301
0.059575,-1.045127,0.968301
0.059575,-1.045127,0.968301
0.059575,-1.045127,0.968301
0.059575,-1.045127,0.968301
0.059575,-1.045127,0.968301
0.059575,-1.045127,0.968301
0.059575,-1.045127,0.968301
0.059575,-1.045127,0.968301
0.059575,-1.045127,0.968301
0.059575,-1.045127,0.964028
0.058599,-1.042686,0.964028
0.058599,-1.042686,0.964028
0.058599,-1.042686,0.964028
0.058599,-1.042686,0.964028
0.058599,-1.042686,0.964028
0.058599,-1.042686,0.964028
0.058599,-1.042686,0.964028
0.058599,-1.042686,0.964028
0.058599,-1.042686,0.964028
0.058599,-1.042686,0.964028
0.058599,-1.042686,0.964028
0.058599,-1.042686,0.964028
0.058599,-1.042686,0.964028
0.058599,-1.042686,0.964028
0.058599,-1.042686,0.964028
0.058599,-1.042686,0.968789
0.059453,-1.046103,0.968789
0.059453,-1.046103,0.968789
0.059453,-1.046103,0.968789
0.059453,-1.046103,0.968789
0.059453,-1.046103,0.968789
0.059453,-1.046103,0.968789
0.059453,-1.046103,0.968789
0.059453,-1.046103,0.968789
0.059453,-1.046103,0.968789
0.059453,-1.046103,0.968789
0.059453,-1.046103,0.968789
0.059453,-1.046103,0.968789
0.059453,-1.046103,0.968789
0.059453,-1.046103,0.968789
0.059453,-1.046103,0.968789
0.059453,-1.046103,0.968789
0.028203,-1.044028,0.973550
0.056523,-1.044028,0.973550
0.056523,-1.044028,0.973550
0.056523,-1.044028,0.973550
0.056523,-1.044028,0.973550
0.056523,-1.044028,0.973550
0.056523,-1.044028,0.973550
0.056523,-1.044028,0.973550
0.056523,-1.044028,0.973550
0.056523,-1.044028,0.973550
0.056523,-1.044028,0.973550
0.056523,-1.044028,0.973550
0.056523,-1.044028,0.973550
0.056523,-1.044028,0.973550
0.056523,-1.044028,0.973550
0.056523,-1.044028,0.973550
0.056523,-1.044028,0.973550
0.058965,-1.045371,0.972817
0.058965,-1.045371,0.972817
0.058965,-1.045371,0.972817
0.058965,-1.045371,0.972817
0.058965,-1.045371,0.972817
0.058965,-1.045371,0.972817
0.058965,-1.045371,0.972817
0.058965,-1.045371,0.972817
0.058965,-1.045371,0.972817
0.058965,-1.045371,0.972817
0.058965,-1.045371,0.972817
0.058965,-1.045371,0.972817
0.058965,-1.045371,0.972817
0.058965,-1.045371,0.972817
0.058965,-1.045371,0.972817
0.058965,-1.045371,0.970132
0.060430,-1.042686,0.970132
0.060430,-1.042686,0.970132
0.060430,-1.042686,0.970132
0.060430,-1.042686,0.970132
0.060430,-1.042686,0.970132
0.060430,-1.042686,0.970132
0.060430,-1.042686,0.970132
0.060430,-1.042686,0.970132
0.060430,-1.042686,0.970132
0.060430,-1.042686,0.970132
0.060430,-1.042686,0.970132
0.060430,-1.042686,0.970132
0.060430,-1.042686,0.970132
0.060430,-1.042686,0.970132
0.060430,-1.042686,0.970132
0.060430,-1.042686,0.965493
0.064580,-1.043906,0.965493
0.064580,-1.043906,0.965493
0.064580,-1.043906,0.965493
0.064580,-1.043906,0.965493
0.064580,-1.043906,0.965493
0.064580,-1.043906,0.965493
0.064580,-1.043906,0.965493
0.064580,-1.043906,0.965493
0.064580,-1.043906,0.965493
0.064580,-1.043906,0.965493
0.064580,-1.043906,0.965493
0.064580,-1.043906,0.965493
0.064580,-1.043906,0.965493
0.064580,-1.043906,0.965493
0.064580,-1.043906,0.965493
0.064580,-1.043906,0.965493
0.064580,-1.044028,0.962563
0.057744,-1.044028,0.962563
0.057744,-1.044028,0.962563
0.057744,-1.044028,0.962563
0.057744,-1.044028,0.962563
0.057744,-1.044028,0.962563
0.057744,-1.044028,0.962563
0.057744,-1.044028,0.962563
0.057744,-1.044028,0.962563
0.057744,-1.044028,0.962563
0.057744,-1.044028,0.962563
0.057744,-1.044028,0.962563
0.057744,-1.044028,0.962563
0.057744,-1.044028,0.962563
0.057744,-1.044028,0.962563
0.057744,-1.044028,0.962563
0.057744,-1.044028,0.970376
0.056157,-1.041587,0.970376
0.056157,-1.041587,0.970376
0.056157,-1.041587,0.970376
0.056157,-1.041587,0.970376
0.056157,-1.041587,0.970376
0.056157,-1.041587,0.970376
0.056157,-1.041587,0.970376
0.056157,-1.041587,0.970376
0.056157,-1.041587,0.970376
0.056157,-1.041587,0.970376
0.056157,-1.041587,0.970376
0.056157,-1.041587,0.970376
0.056157,-1.041587,0.970376
0.056157,-1.041587,0.970376
0.056157,-1.041587,0.970376
0.056157,-1.041587,0.970376
0.057988,-1.043784,0.976846
0.057988,-1.043784,0.976846
0.057988,-1.043784,0.976846
0.057988,-1.043784,0.976846
0.057988,-1.043784,0.976846
0.057988,-1.043784,0.976846
0.057988,-1.043784,0.976846
0.057988,-1.043784,0.976846
0.057988,-1.043784,0.976846
0.057988,-1.043784,0.976846
0.057988,-1.043784,0.976846
0.057988,-1.043784,0.976846
0.057988,-1.043784,0.976846
0.057988,-1.043784,0.976846
0.057988,-1.043784,0.976846
0.057988,-1.043784,0.976846
0.056279,-1.045127,0.970376
0.056279,-1.045127,0.970376
0.056279,-1.045127,0.970376
0.056279,-1.045127,0.970376
0.056279,-1.045127,0.970376
0.056279,-1.045127,0.970376
0.056279,-1.045127,0.970376
0.056279,-1.045127,0.970376
0.056279,-1.045127,0.970376
0.056279,-1.045127,0.970376
0.056279,-1.045127,0.970376
0.056279,-1.045127,0.970376
0.056279,-1.045127,0.970376
0.056279,-1.045127,0.970376
0.056279,-1.045127,0.970376
0.056279,-1.040977,0.967202
0.062017,-1.040977,0.967202
0.062017,-1.040977,0.967202
0.062017,-1.040977,0.967202
0.062017,-1.040977,0.967202
0.062017,-1.040977,0.967202
0.062017,-1.040977,0.967202
0.062017,-1.040977,0.967202
0.062017,-1.040977,0.967202
0.062017,-1.040977,0.967202
0.062017,-1.040977,0.967202
0.062017,-1.040977,0.967202
0.062017,-1.040977,0.967202
0.062017,-1.040977,0.967202
0.062017,-1.040977,0.967202
0.062017,-1.040977,0.967202
0.062017,-1.040977,0.968301
0.058110,-1.047812,0.968301
0.058110,-1.047812,0.968301
0.058110,-1.047812,0.968301
0.058110,-1.047812,0.968301
0.058110,-1.047812,0.968301
0.058110,-1.047812,0.968301
0.058110,-1.047812,0.968301
0.058110,-1.047812,0.968301
0.058110,-1.047812,0.968301
0.058110,-1.047812,0.968301
0.058110,-1.047812,0.968301
0.058110,-1.047812,0.968301
0.058110,-1.047812,0.968301
0.058110,-1.047812,0.968301
0.058110,-1.047812,0.968301
0.058110,-1.047812,0.968301
0.058110,-1.016562,0.973672
0.058110,-1.039390,0.973672
0.058110,-1.039390,0.973672
0.058110,-1.039390,0.973672
0.058110,-1.039390,0.973672
0.058110,-1.039390,0.973672
0.058110,-1.039390,0.973672
0.058110,-1.039390,0.973672
0.058110,-1.039390,0.973672
0.058110,-1.039390,0.973672
0.058110,-1.039390,0.973672
0.058110,-1.039390,0.973672
0.058110,-1.039390,0.973672
0.058110,-1.039390,0.973672
0.058110,-1.039390,0.973672
0.058110,-1.039390,0.973672
0.058110,-1.039390,0.973672
0.058110,-1.044517,0.971475
0.057378,-1.044517,0.971475
0.057378,-1.044517,0.971475
0.057378,-1.044517,0.971475
0.057378,-1.044517,0.971475
0.057378,-1.044517,0.971475
0.057378,-1.044517,0.971475
0.057378,-1.044517,0.971475
